{
 "cells": [
  {
   "cell_type": "code",
   "execution_count": 1,
   "metadata": {},
   "outputs": [],
   "source": [
    "# Below is a symmetric TSP instance from: \n",
    "#   http://comopt.ifi.uni-heidelberg.de/software/TSPLIB95/\n",
    "\n",
    "bays29 = [[0,107,241,190,124,80,316,76,152,157,283,133,113,297,228,129,348,276,188,150,65,341,184,67,221,169,108,45,167],\n",
    "[107,0,148,137,88,127,336,183,134,95,254,180,101,234,175,176,265,199,182,67,42,278,271,146,251,105,191,139,79],\n",
    "[241,148,0,374,171,259,509,317,217,232,491,312,280,391,412,349,422,356,355,204,182,435,417,292,424,116,337,273,77],\n",
    "[190,137,374,0,202,234,222,192,248,42,117,287,79,107,38,121,152,86,68,70,137,151,239,135,137,242,165,228,205],\n",
    "[124,88,171,202,0,61,392,202,46,160,319,112,163,322,240,232,314,287,238,155,65,366,300,175,307,57,220,121,97],\n",
    "[80,127,259,234,61,0,386,141,72,167,351,55,157,331,272,226,362,296,232,164,85,375,249,147,301,118,188,60,185],\n",
    "[316,336,509,222,392,386,0,233,438,254,202,439,235,254,210,187,313,266,154,282,321,298,168,249,95,437,190,314,435],\n",
    "[76,183,317,192,202,141,233,0,213,188,272,193,131,302,233,98,344,289,177,216,141,346,108,57,190,245,43,81,243],\n",
    "[152,134,217,248,46,72,438,213,0,206,365,89,209,368,286,278,360,333,284,201,111,412,321,221,353,72,266,132,111],\n",
    "[157,95,232,42,160,167,254,188,206,0,159,220,57,149,80,132,193,127,100,28,95,193,241,131,169,200,161,189,163],\n",
    "[283,254,491,117,319,351,202,272,365,159,0,404,176,106,79,161,165,141,95,187,254,103,279,215,117,359,216,308,322],\n",
    "[133,180,312,287,112,55,439,193,89,220,404,0,210,384,325,279,415,349,285,217,138,428,310,200,354,169,241,112,238],\n",
    "[113,101,280,79,163,157,235,131,209,57,176,210,0,186,117,75,231,165,81,85,92,230,184,74,150,208,104,158,206],\n",
    "[297,234,391,107,322,331,254,302,368,149,106,384,186,0,69,191,59,35,125,167,255,44,309,245,169,327,246,335,288],\n",
    "[228,175,412,38,240,272,210,233,286,80,79,325,117,69,0,122,122,56,56,108,175,113,240,176,125,280,177,266,243],\n",
    "[129,176,349,121,232,226,187,98,278,132,161,279,75,191,122,0,244,178,66,160,161,235,118,62,92,277,55,155,275],\n",
    "[348,265,422,152,314,362,313,344,360,193,165,415,231,59,122,244,0,66,178,198,286,77,362,287,228,358,299,380,319],\n",
    "[276,199,356,86,287,296,266,289,333,127,141,349,165,35,56,178,66,0,112,132,220,79,296,232,181,292,233,314,253],\n",
    "[188,182,355,68,238,232,154,177,284,100,95,285,81,125,56,66,178,112,0,128,167,169,179,120,69,283,121,213,281],\n",
    "[150,67,204,70,155,164,282,216,201,28,187,217,85,167,108,160,198,132,128,0,88,211,269,159,197,172,189,182,135],\n",
    "[65,42,182,137,65,85,321,141,111,95,254,138,92,255,175,161,286,220,167,88,0,299,229,104,236,110,149,97,108],\n",
    "[341,278,435,151,366,375,298,346,412,193,103,428,230,44,113,235,77,79,169,211,299,0,353,289,213,371,290,379,332],\n",
    "[184,271,417,239,300,249,168,108,321,241,279,310,184,309,240,118,362,296,179,269,229,353,0,121,162,345,80,189,342],\n",
    "[67,146,292,135,175,147,249,57,221,131,215,200,74,245,176,62,287,232,120,159,104,289,121,0,154,220,41,93,218],\n",
    "[221,251,424,137,307,301,95,190,353,169,117,354,150,169,125,92,228,181,69,197,236,213,162,154,0,352,147,247,350],\n",
    "[169,105,116,242,57,118,437,245,72,200,359,169,208,327,280,277,358,292,283,172,110,371,345,220,352,0,265,178,39],\n",
    "[108,191,337,165,220,188,190,43,266,161,216,241,104,246,177,55,299,233,121,189,149,290,80,41,147,265,0,124,263],\n",
    "[45,139,273,228,121,60,314,81,132,189,308,112,158,335,266,155,380,314,213,182,97,379,189,93,247,178,124,0,199],\n",
    "[167,79,77,205,97,185,435,243,111,163,322,238,206,288,243,275,319,253,281,135,108,332,342,218,350,39,263,199,0]]"
   ]
  },
  {
   "cell_type": "code",
   "execution_count": 2,
   "metadata": {},
   "outputs": [],
   "source": [
    "c = bays29\n",
    "n = len(c)\n",
    "r = 0         # start tour at an arbitrary root node 'r'\n",
    "\n",
    "import networkx as nx\n",
    "\n",
    "# Complete graph on n vertices\n",
    "G = nx.complete_graph(n)\n",
    "\n",
    "# DG is directed version of G. Replaces each edge {i,j} by (i,j) and (j,i)\n",
    "DG = nx.DiGraph(G)"
   ]
  },
  {
   "cell_type": "code",
   "execution_count": 3,
   "metadata": {},
   "outputs": [],
   "source": [
    "import gurobipy as gp\n",
    "from gurobipy import GRB"
   ]
  },
  {
   "cell_type": "code",
   "execution_count": 4,
   "metadata": {},
   "outputs": [
    {
     "name": "stdout",
     "output_type": "stream",
     "text": [
      "Academic license - for non-commercial use only - expires 2021-08-27\n",
      "Using license file C:\\Users\\buchanan\\gurobi.lic\n"
     ]
    }
   ],
   "source": [
    "# Create model object\n",
    "m = gp.Model()\n",
    "\n",
    "# Create variable for each edge of DG\n",
    "x = m.addVars( DG.edges )\n",
    "\n",
    "# Objective function: minimize cost of tour\n",
    "m.setObjective( gp.quicksum( c[i][j] * x[i,j] for i,j in DG.edges ), GRB.MINIMIZE )\n",
    "\n",
    "# Leave each city once\n",
    "m.addConstrs( gp.quicksum( x[i,j] for j in DG.neighbors(i) ) == 1 for i in DG.nodes )\n",
    "\n",
    "# Enter each city once\n",
    "m.addConstrs( gp.quicksum( x[i,j] for i in DG.neighbors(j) ) == 1 for j in DG.nodes )\n",
    "\n",
    "m.update()"
   ]
  },
  {
   "cell_type": "code",
   "execution_count": 5,
   "metadata": {},
   "outputs": [],
   "source": [
    "# ADD MCF CONSTRAINTS FOR CONTIGUITY\n",
    "\n",
    "# Create f variable for each vertex (\"commodity\") and each edge\n",
    "f = m.addVars( DG.nodes, DG.edges, vtype=GRB.CONTINUOUS )\n",
    "\n",
    "# Constraints: each node i (besides r) should consume one unit of flow *of their own type*\n",
    "for i in DG.nodes:\n",
    "    if i != r:\n",
    "        m.addConstr( gp.quicksum( f[i,j,i] - f[i,i,j] for j in DG.neighbors(i) ) == 1 )\n",
    "        m.addConstrs( gp.quicksum( f[v,j,i] - f[v,i,j] for j in DG.neighbors(i) ) == 0 for v in DG.nodes if v != i )\n",
    "\n",
    "# Constraints: flow can only cross built edges\n",
    "m.addConstrs( f[v,i,j] <= x[i,j] for i,j in DG.edges for v in DG.nodes )\n",
    "\n",
    "m.update()"
   ]
  },
  {
   "cell_type": "code",
   "execution_count": 6,
   "metadata": {},
   "outputs": [
    {
     "name": "stdout",
     "output_type": "stream",
     "text": [
      "Gurobi Optimizer version 9.1.1 build v9.1.1rc0 (win64)\n",
      "Thread count: 4 physical cores, 8 logical processors, using up to 8 threads\n",
      "Optimize a model with 24418 rows, 24360 columns and 94192 nonzeros\n",
      "Model fingerprint: 0x59dba321\n",
      "Coefficient statistics:\n",
      "  Matrix range     [1e+00, 1e+00]\n",
      "  Objective range  [3e+01, 5e+02]\n",
      "  Bounds range     [0e+00, 0e+00]\n",
      "  RHS range        [1e+00, 1e+00]\n",
      "\n",
      "Concurrent LP optimizer: dual simplex and barrier\n",
      "Showing barrier log only...\n",
      "\n",
      "Presolve removed 1 rows and 0 columns\n",
      "Presolve time: 0.07s\n",
      "Presolved: 24417 rows, 24360 columns, 94164 nonzeros\n",
      "\n",
      "Ordering time: 0.11s\n",
      "\n",
      "Barrier statistics:\n",
      " AA' NZ     : 4.332e+05\n",
      " Factor NZ  : 2.096e+06 (roughly 40 MBytes of memory)\n",
      " Factor Ops : 3.474e+08 (less than 1 second per iteration)\n",
      " Threads    : 3\n",
      "\n",
      "                  Objective                Residual\n",
      "Iter       Primal          Dual         Primal    Dual     Compl     Time\n",
      "   0   4.53097836e+04  0.00000000e+00  6.58e+00 0.00e+00  9.74e+00     0s\n",
      "   1   8.66078540e+03 -2.39074429e+04  4.90e-01 5.12e-13  1.19e+00     0s\n",
      "   2   5.56567695e+03 -4.22812198e+03  9.49e-03 4.26e-13  2.08e-01     0s\n",
      "   3   4.16827356e+03  1.02900191e+03  4.27e-04 6.75e-13  6.56e-02     0s\n",
      "   4   2.97527885e+03  1.79507664e+03  8.68e-05 2.93e-12  2.47e-02     0s\n",
      "   5   2.52557455e+03  1.94834014e+03  4.22e-05 5.06e-12  1.21e-02     1s\n",
      "   6   2.27019196e+03  1.98515132e+03  1.99e-05 4.81e-12  5.97e-03     1s\n",
      "   7   2.11120649e+03  1.99952288e+03  6.95e-06 3.06e-12  2.34e-03     1s\n",
      "   8   2.04764290e+03  2.00934246e+03  2.32e-06 9.28e-12  8.04e-04     1s\n",
      "   9   2.01604806e+03  2.01323403e+03  1.53e-07 1.08e-11  5.90e-05     1s\n",
      "  10   2.01350345e+03  2.01349972e+03  6.75e-11 9.89e-12  7.81e-08     1s\n",
      "  11   2.01350000e+03  2.01350000e+03  2.15e-11 9.96e-12  7.81e-11     1s\n",
      "\n",
      "Barrier solved model in 11 iterations and 0.75 seconds\n",
      "Optimal objective 2.01350000e+03\n",
      "\n",
      "Crossover log...\n",
      "\n",
      "   22101 DPushes remaining with DInf 0.0000000e+00                 1s\n",
      "       0 DPushes remaining with DInf 0.0000000e+00                 1s\n",
      "\n",
      "     368 PPushes remaining with PInf 0.0000000e+00                 1s\n",
      "       0 PPushes remaining with PInf 0.0000000e+00                 1s\n",
      "\n",
      "  Push phase complete: Pinf 0.0000000e+00, Dinf 0.0000000e+00      1s\n",
      "\n",
      "Iteration    Objective       Primal Inf.    Dual Inf.      Time\n",
      "    9697    2.0135000e+03   0.000000e+00   0.000000e+00      1s\n",
      "\n",
      "Solved with barrier\n",
      "Solved in 9697 iterations and 0.90 seconds\n",
      "Optimal objective  2.013500000e+03\n"
     ]
    }
   ],
   "source": [
    "# Solve the LP\n",
    "m.optimize()"
   ]
  },
  {
   "cell_type": "code",
   "execution_count": 7,
   "metadata": {},
   "outputs": [
    {
     "name": "stdout",
     "output_type": "stream",
     "text": [
      "0 7 0.3333333333333333\n",
      "0 23 0.1666666666666667\n",
      "0 27 0.5\n",
      "1 2 0.5000000000000001\n",
      "1 20 0.4999999999999999\n",
      "2 1 0.4999999999999999\n",
      "2 28 0.5000000000000001\n",
      "3 9 0.3333333333333333\n",
      "3 14 0.5\n",
      "3 19 0.16666666666666674\n",
      "4 8 0.5000000000000001\n",
      "4 25 0.4999999999999999\n",
      "5 11 0.4999999999999999\n",
      "5 27 0.5000000000000001\n",
      "6 22 0.5\n",
      "6 24 0.5\n",
      "7 0 0.16666666666666674\n",
      "7 23 0.33333333333333337\n",
      "7 26 0.5\n",
      "8 4 0.4999999999999999\n",
      "8 11 0.5000000000000001\n",
      "9 3 0.33333333333333337\n",
      "9 19 0.6666666666666666\n",
      "10 18 0.5\n",
      "10 21 0.5\n",
      "11 5 0.5000000000000001\n",
      "11 8 0.4999999999999999\n",
      "12 9 0.33333333333333337\n",
      "12 15 0.4999999999999999\n",
      "12 20 0.1666666666666667\n",
      "13 16 0.5\n",
      "13 21 0.5\n",
      "14 3 0.5\n",
      "14 17 0.5\n",
      "15 12 0.5000000000000001\n",
      "15 23 0.4999999999999999\n",
      "16 13 0.5\n",
      "16 17 0.5\n",
      "17 14 0.5\n",
      "17 16 0.5\n",
      "18 10 0.5\n",
      "18 24 0.5\n",
      "19 3 0.16666666666666666\n",
      "19 9 0.33333333333333337\n",
      "19 12 0.16666666666666666\n",
      "19 20 0.33333333333333337\n",
      "20 1 0.5000000000000001\n",
      "20 12 0.3333333333333333\n",
      "20 19 0.16666666666666666\n",
      "21 10 0.5\n",
      "21 13 0.5\n",
      "22 6 0.5\n",
      "22 26 0.5\n",
      "23 0 0.33333333333333315\n",
      "23 7 0.1666666666666667\n",
      "23 15 0.5000000000000001\n",
      "24 6 0.5\n",
      "24 18 0.5\n",
      "25 4 0.5000000000000001\n",
      "25 28 0.4999999999999999\n",
      "26 7 0.5\n",
      "26 22 0.5\n",
      "27 0 0.5000000000000001\n",
      "27 5 0.4999999999999999\n",
      "28 2 0.4999999999999999\n",
      "28 25 0.5000000000000001\n"
     ]
    }
   ],
   "source": [
    "for i,j in DG.edges:\n",
    "    if x[i,j].x > 0.01:\n",
    "        print(i,j,x[i,j].x)"
   ]
  },
  {
   "cell_type": "code",
   "execution_count": 8,
   "metadata": {},
   "outputs": [
    {
     "name": "stdout",
     "output_type": "stream",
     "text": [
      "0 1 28.0\n",
      "0 2 28.0\n",
      "0 3 28.0\n",
      "0 4 28.0\n",
      "0 5 28.0\n",
      "0 6 28.0\n",
      "0 7 18.333333333333336\n",
      "0 8 28.0\n",
      "0 9 28.0\n",
      "0 10 28.0\n",
      "0 11 28.0\n",
      "0 12 28.0\n",
      "0 13 28.0\n",
      "0 14 28.0\n",
      "0 15 28.0\n",
      "0 16 28.0\n",
      "0 17 28.0\n",
      "0 18 28.0\n",
      "0 19 28.0\n",
      "0 20 28.0\n",
      "0 21 28.0\n",
      "0 22 28.0\n",
      "0 23 23.166666666666664\n",
      "0 24 28.0\n",
      "0 25 28.0\n",
      "0 26 28.0\n",
      "0 27 13.5\n",
      "0 28 28.0\n",
      "1 0 28.0\n",
      "1 2 13.499999999999996\n",
      "1 3 28.0\n",
      "1 4 28.0\n",
      "1 5 28.0\n",
      "1 6 28.0\n",
      "1 7 28.0\n",
      "1 8 28.0\n",
      "1 9 28.0\n",
      "1 10 28.0\n",
      "1 11 28.0\n",
      "1 12 28.0\n",
      "1 13 28.0\n",
      "1 14 28.0\n",
      "1 15 28.0\n",
      "1 16 28.0\n",
      "1 17 28.0\n",
      "1 18 28.0\n",
      "1 19 28.0\n",
      "1 20 13.500000000000004\n",
      "1 21 28.0\n",
      "1 22 28.0\n",
      "1 23 28.0\n",
      "1 24 28.0\n",
      "1 25 28.0\n",
      "1 26 28.0\n",
      "1 27 28.0\n",
      "1 28 28.0\n",
      "2 0 28.0\n",
      "2 1 13.500000000000004\n",
      "2 3 28.0\n",
      "2 4 28.0\n",
      "2 5 28.0\n",
      "2 6 28.0\n",
      "2 7 28.0\n",
      "2 8 28.0\n",
      "2 9 28.0\n",
      "2 10 28.0\n",
      "2 11 28.0\n",
      "2 12 28.0\n",
      "2 13 28.0\n",
      "2 14 28.0\n",
      "2 15 28.0\n",
      "2 16 28.0\n",
      "2 17 28.0\n",
      "2 18 28.0\n",
      "2 19 28.0\n",
      "2 20 28.0\n",
      "2 21 28.0\n",
      "2 22 28.0\n",
      "2 23 28.0\n",
      "2 24 28.0\n",
      "2 25 28.0\n",
      "2 26 28.0\n",
      "2 27 28.0\n",
      "2 28 13.499999999999996\n",
      "3 0 28.0\n",
      "3 1 28.0\n",
      "3 2 28.0\n",
      "3 4 28.0\n",
      "3 5 28.0\n",
      "3 6 28.0\n",
      "3 7 28.0\n",
      "3 8 28.0\n",
      "3 9 18.333333333333336\n",
      "3 10 28.0\n",
      "3 11 28.0\n",
      "3 12 28.0\n",
      "3 13 28.0\n",
      "3 14 13.5\n",
      "3 15 28.0\n",
      "3 16 28.0\n",
      "3 17 28.0\n",
      "3 18 28.0\n",
      "3 19 23.166666666666664\n",
      "3 20 28.0\n",
      "3 21 28.0\n",
      "3 22 28.0\n",
      "3 23 28.0\n",
      "3 24 28.0\n",
      "3 25 28.0\n",
      "3 26 28.0\n",
      "3 27 28.0\n",
      "3 28 28.0\n",
      "4 0 28.0\n",
      "4 1 28.0\n",
      "4 2 28.0\n",
      "4 3 28.0\n",
      "4 5 28.0\n",
      "4 6 28.0\n",
      "4 7 28.0\n",
      "4 8 13.499999999999996\n",
      "4 9 28.0\n",
      "4 10 28.0\n",
      "4 11 28.0\n",
      "4 12 28.0\n",
      "4 13 28.0\n",
      "4 14 28.0\n",
      "4 15 28.0\n",
      "4 16 28.0\n",
      "4 17 28.0\n",
      "4 18 28.0\n",
      "4 19 28.0\n",
      "4 20 28.0\n",
      "4 21 28.0\n",
      "4 22 28.0\n",
      "4 23 28.0\n",
      "4 24 28.0\n",
      "4 25 13.500000000000004\n",
      "4 26 28.0\n",
      "4 27 28.0\n",
      "4 28 28.0\n",
      "5 0 28.0\n",
      "5 1 28.0\n",
      "5 2 28.0\n",
      "5 3 28.0\n",
      "5 4 28.0\n",
      "5 6 28.0\n",
      "5 7 28.0\n",
      "5 8 28.0\n",
      "5 9 28.0\n",
      "5 10 28.0\n",
      "5 11 13.500000000000004\n",
      "5 12 28.0\n",
      "5 13 28.0\n",
      "5 14 28.0\n",
      "5 15 28.0\n",
      "5 16 28.0\n",
      "5 17 28.0\n",
      "5 18 28.0\n",
      "5 19 28.0\n",
      "5 20 28.0\n",
      "5 21 28.0\n",
      "5 22 28.0\n",
      "5 23 28.0\n",
      "5 24 28.0\n",
      "5 25 28.0\n",
      "5 26 28.0\n",
      "5 27 13.499999999999996\n",
      "5 28 28.0\n",
      "6 0 28.0\n",
      "6 1 28.0\n",
      "6 2 28.0\n",
      "6 3 28.0\n",
      "6 4 28.0\n",
      "6 5 28.0\n",
      "6 7 28.0\n",
      "6 8 28.0\n",
      "6 9 28.0\n",
      "6 10 28.0\n",
      "6 11 28.0\n",
      "6 12 28.0\n",
      "6 13 28.0\n",
      "6 14 28.0\n",
      "6 15 28.0\n",
      "6 16 28.0\n",
      "6 17 28.0\n",
      "6 18 28.0\n",
      "6 19 28.0\n",
      "6 20 28.0\n",
      "6 21 28.0\n",
      "6 22 13.5\n",
      "6 23 28.0\n",
      "6 24 13.5\n",
      "6 25 28.0\n",
      "6 26 28.0\n",
      "6 27 28.0\n",
      "6 28 28.0\n",
      "7 0 23.166666666666664\n",
      "7 1 28.0\n",
      "7 2 28.0\n",
      "7 3 28.0\n",
      "7 4 28.0\n",
      "7 5 28.0\n",
      "7 6 28.0\n",
      "7 8 28.0\n",
      "7 9 28.0\n",
      "7 10 28.0\n",
      "7 11 28.0\n",
      "7 12 28.0\n",
      "7 13 28.0\n",
      "7 14 28.0\n",
      "7 15 28.0\n",
      "7 16 28.0\n",
      "7 17 28.0\n",
      "7 18 28.0\n",
      "7 19 28.0\n",
      "7 20 28.0\n",
      "7 21 28.0\n",
      "7 22 28.0\n",
      "7 23 18.333333333333332\n",
      "7 24 28.0\n",
      "7 25 28.0\n",
      "7 26 13.5\n",
      "7 27 28.0\n",
      "7 28 28.0\n",
      "8 0 28.0\n",
      "8 1 28.0\n",
      "8 2 28.0\n",
      "8 3 28.0\n",
      "8 4 13.500000000000004\n",
      "8 5 28.0\n",
      "8 6 28.0\n",
      "8 7 28.0\n",
      "8 9 28.0\n",
      "8 10 28.0\n",
      "8 11 13.499999999999996\n",
      "8 12 28.0\n",
      "8 13 28.0\n",
      "8 14 28.0\n",
      "8 15 28.0\n",
      "8 16 28.0\n",
      "8 17 28.0\n",
      "8 18 28.0\n",
      "8 19 28.0\n",
      "8 20 28.0\n",
      "8 21 28.0\n",
      "8 22 28.0\n",
      "8 23 28.0\n",
      "8 24 28.0\n",
      "8 25 28.0\n",
      "8 26 28.0\n",
      "8 27 28.0\n",
      "8 28 28.0\n",
      "9 0 28.0\n",
      "9 1 28.0\n",
      "9 2 28.0\n",
      "9 3 18.333333333333332\n",
      "9 4 28.0\n",
      "9 5 28.0\n",
      "9 6 28.0\n",
      "9 7 28.0\n",
      "9 8 28.0\n",
      "9 10 28.0\n",
      "9 11 28.0\n",
      "9 12 28.0\n",
      "9 13 28.0\n",
      "9 14 28.0\n",
      "9 15 28.0\n",
      "9 16 28.0\n",
      "9 17 28.0\n",
      "9 18 28.0\n",
      "9 19 8.666666666666668\n",
      "9 20 28.0\n",
      "9 21 28.0\n",
      "9 22 28.0\n",
      "9 23 28.0\n",
      "9 24 28.0\n",
      "9 25 28.0\n",
      "9 26 28.0\n",
      "9 27 28.0\n",
      "9 28 28.0\n",
      "10 0 28.0\n",
      "10 1 28.0\n",
      "10 2 28.0\n",
      "10 3 28.0\n",
      "10 4 28.0\n",
      "10 5 28.0\n",
      "10 6 28.0\n",
      "10 7 28.0\n",
      "10 8 28.0\n",
      "10 9 28.0\n",
      "10 11 28.0\n",
      "10 12 28.0\n",
      "10 13 28.0\n",
      "10 14 28.0\n",
      "10 15 28.0\n",
      "10 16 28.0\n",
      "10 17 28.0\n",
      "10 18 13.5\n",
      "10 19 28.0\n",
      "10 20 28.0\n",
      "10 21 13.5\n",
      "10 22 28.0\n",
      "10 23 28.0\n",
      "10 24 28.0\n",
      "10 25 28.0\n",
      "10 26 28.0\n",
      "10 27 28.0\n",
      "10 28 28.0\n",
      "11 0 28.0\n",
      "11 1 28.0\n",
      "11 2 28.0\n",
      "11 3 28.0\n",
      "11 4 28.0\n",
      "11 5 13.499999999999996\n",
      "11 6 28.0\n",
      "11 7 28.0\n",
      "11 8 13.500000000000004\n",
      "11 9 28.0\n",
      "11 10 28.0\n",
      "11 12 28.0\n",
      "11 13 28.0\n",
      "11 14 28.0\n",
      "11 15 28.0\n",
      "11 16 28.0\n",
      "11 17 28.0\n",
      "11 18 28.0\n",
      "11 19 28.0\n",
      "11 20 28.0\n",
      "11 21 28.0\n",
      "11 22 28.0\n",
      "11 23 28.0\n",
      "11 24 28.0\n",
      "11 25 28.0\n",
      "11 26 28.0\n",
      "11 27 28.0\n",
      "11 28 28.0\n",
      "12 0 28.0\n",
      "12 1 28.0\n",
      "12 2 28.0\n",
      "12 3 28.0\n",
      "12 4 28.0\n",
      "12 5 28.0\n",
      "12 6 28.0\n",
      "12 7 28.0\n",
      "12 8 28.0\n",
      "12 9 18.333333333333332\n",
      "12 10 28.0\n",
      "12 11 28.0\n",
      "12 13 28.0\n",
      "12 14 28.0\n",
      "12 15 13.500000000000004\n",
      "12 16 28.0\n",
      "12 17 28.0\n",
      "12 18 28.0\n",
      "12 19 28.0\n",
      "12 20 23.166666666666664\n",
      "12 21 28.0\n",
      "12 22 28.0\n",
      "12 23 28.0\n",
      "12 24 28.0\n",
      "12 25 28.0\n",
      "12 26 28.0\n",
      "12 27 28.0\n",
      "12 28 28.0\n",
      "13 0 28.0\n",
      "13 1 28.0\n",
      "13 2 28.0\n",
      "13 3 28.0\n",
      "13 4 28.0\n",
      "13 5 28.0\n",
      "13 6 28.0\n",
      "13 7 28.0\n",
      "13 8 28.0\n",
      "13 9 28.0\n",
      "13 10 28.0\n",
      "13 11 28.0\n",
      "13 12 28.0\n",
      "13 14 28.0\n",
      "13 15 28.0\n",
      "13 16 13.5\n",
      "13 17 28.0\n",
      "13 18 28.0\n",
      "13 19 28.0\n",
      "13 20 28.0\n",
      "13 21 13.5\n",
      "13 22 28.0\n",
      "13 23 28.0\n",
      "13 24 28.0\n",
      "13 25 28.0\n",
      "13 26 28.0\n",
      "13 27 28.0\n",
      "13 28 28.0\n",
      "14 0 28.0\n",
      "14 1 28.0\n",
      "14 2 28.0\n",
      "14 3 13.5\n",
      "14 4 28.0\n",
      "14 5 28.0\n",
      "14 6 28.0\n",
      "14 7 28.0\n",
      "14 8 28.0\n",
      "14 9 28.0\n",
      "14 10 28.0\n",
      "14 11 28.0\n",
      "14 12 28.0\n",
      "14 13 28.0\n",
      "14 15 28.0\n",
      "14 16 28.0\n",
      "14 17 13.5\n",
      "14 18 28.0\n",
      "14 19 28.0\n",
      "14 20 28.0\n",
      "14 21 28.0\n",
      "14 22 28.0\n",
      "14 23 28.0\n",
      "14 24 28.0\n",
      "14 25 28.0\n",
      "14 26 28.0\n",
      "14 27 28.0\n",
      "14 28 28.0\n",
      "15 0 28.0\n",
      "15 1 28.0\n",
      "15 2 28.0\n",
      "15 3 28.0\n",
      "15 4 28.0\n",
      "15 5 28.0\n",
      "15 6 28.0\n",
      "15 7 28.0\n",
      "15 8 28.0\n",
      "15 9 28.0\n",
      "15 10 28.0\n",
      "15 11 28.0\n",
      "15 12 13.499999999999996\n",
      "15 13 28.0\n",
      "15 14 28.0\n",
      "15 16 28.0\n",
      "15 17 28.0\n",
      "15 18 28.0\n",
      "15 19 28.0\n",
      "15 20 28.0\n",
      "15 21 28.0\n",
      "15 22 28.0\n",
      "15 23 13.500000000000004\n",
      "15 24 28.0\n",
      "15 25 28.0\n",
      "15 26 28.0\n",
      "15 27 28.0\n",
      "15 28 28.0\n",
      "16 0 28.0\n",
      "16 1 28.0\n",
      "16 2 28.0\n",
      "16 3 28.0\n",
      "16 4 28.0\n",
      "16 5 28.0\n",
      "16 6 28.0\n",
      "16 7 28.0\n",
      "16 8 28.0\n",
      "16 9 28.0\n",
      "16 10 28.0\n",
      "16 11 28.0\n",
      "16 12 28.0\n",
      "16 13 13.5\n",
      "16 14 28.0\n",
      "16 15 28.0\n",
      "16 17 13.5\n",
      "16 18 28.0\n",
      "16 19 28.0\n",
      "16 20 28.0\n",
      "16 21 28.0\n",
      "16 22 28.0\n",
      "16 23 28.0\n",
      "16 24 28.0\n",
      "16 25 28.0\n",
      "16 26 28.0\n",
      "16 27 28.0\n",
      "16 28 28.0\n",
      "17 0 28.0\n",
      "17 1 28.0\n",
      "17 2 28.0\n",
      "17 3 28.0\n",
      "17 4 28.0\n",
      "17 5 28.0\n",
      "17 6 28.0\n",
      "17 7 28.0\n",
      "17 8 28.0\n",
      "17 9 28.0\n",
      "17 10 28.0\n",
      "17 11 28.0\n",
      "17 12 28.0\n",
      "17 13 28.0\n",
      "17 14 13.5\n",
      "17 15 28.0\n",
      "17 16 13.5\n",
      "17 18 28.0\n",
      "17 19 28.0\n",
      "17 20 28.0\n",
      "17 21 28.0\n",
      "17 22 28.0\n",
      "17 23 28.0\n",
      "17 24 28.0\n",
      "17 25 28.0\n",
      "17 26 28.0\n",
      "17 27 28.0\n",
      "17 28 28.0\n",
      "18 0 28.0\n",
      "18 1 28.0\n",
      "18 2 28.0\n",
      "18 3 28.0\n",
      "18 4 28.0\n",
      "18 5 28.0\n",
      "18 6 28.0\n",
      "18 7 28.0\n",
      "18 8 28.0\n",
      "18 9 28.0\n",
      "18 10 13.5\n",
      "18 11 28.0\n",
      "18 12 28.0\n",
      "18 13 28.0\n",
      "18 14 28.0\n",
      "18 15 28.0\n",
      "18 16 28.0\n",
      "18 17 28.0\n",
      "18 19 28.0\n",
      "18 20 28.0\n",
      "18 21 28.0\n",
      "18 22 28.0\n",
      "18 23 28.0\n",
      "18 24 13.5\n",
      "18 25 28.0\n",
      "18 26 28.0\n",
      "18 27 28.0\n",
      "18 28 28.0\n",
      "19 0 28.0\n",
      "19 1 28.0\n",
      "19 2 28.0\n",
      "19 3 23.166666666666668\n",
      "19 4 28.0\n",
      "19 5 28.0\n",
      "19 6 28.0\n",
      "19 7 28.0\n",
      "19 8 28.0\n",
      "19 9 18.333333333333332\n",
      "19 10 28.0\n",
      "19 11 28.0\n",
      "19 12 23.166666666666668\n",
      "19 13 28.0\n",
      "19 14 28.0\n",
      "19 15 28.0\n",
      "19 16 28.0\n",
      "19 17 28.0\n",
      "19 18 28.0\n",
      "19 20 18.333333333333332\n",
      "19 21 28.0\n",
      "19 22 28.0\n",
      "19 23 28.0\n",
      "19 24 28.0\n",
      "19 25 28.0\n",
      "19 26 28.0\n",
      "19 27 28.0\n",
      "19 28 28.0\n",
      "20 0 28.0\n",
      "20 1 13.499999999999996\n",
      "20 2 28.0\n",
      "20 3 28.0\n",
      "20 4 28.0\n",
      "20 5 28.0\n",
      "20 6 28.0\n",
      "20 7 28.0\n",
      "20 8 28.0\n",
      "20 9 28.0\n",
      "20 10 28.0\n",
      "20 11 28.0\n",
      "20 12 18.333333333333336\n",
      "20 13 28.0\n",
      "20 14 28.0\n",
      "20 15 28.0\n",
      "20 16 28.0\n",
      "20 17 28.0\n",
      "20 18 28.0\n",
      "20 19 23.166666666666668\n",
      "20 21 28.0\n",
      "20 22 28.0\n",
      "20 23 28.0\n",
      "20 24 28.0\n",
      "20 25 28.0\n",
      "20 26 28.0\n",
      "20 27 28.0\n",
      "20 28 28.0\n",
      "21 0 28.0\n",
      "21 1 28.0\n",
      "21 2 28.0\n",
      "21 3 28.0\n",
      "21 4 28.0\n",
      "21 5 28.0\n",
      "21 6 28.0\n",
      "21 7 28.0\n",
      "21 8 28.0\n",
      "21 9 28.0\n",
      "21 10 13.5\n",
      "21 11 28.0\n",
      "21 12 28.0\n",
      "21 13 13.5\n",
      "21 14 28.0\n",
      "21 15 28.0\n",
      "21 16 28.0\n",
      "21 17 28.0\n",
      "21 18 28.0\n",
      "21 19 28.0\n",
      "21 20 28.0\n",
      "21 22 28.0\n",
      "21 23 28.0\n",
      "21 24 28.0\n",
      "21 25 28.0\n",
      "21 26 28.0\n",
      "21 27 28.0\n",
      "21 28 28.0\n",
      "22 0 28.0\n",
      "22 1 28.0\n",
      "22 2 28.0\n",
      "22 3 28.0\n",
      "22 4 28.0\n",
      "22 5 28.0\n",
      "22 6 13.5\n",
      "22 7 28.0\n",
      "22 8 28.0\n",
      "22 9 28.0\n",
      "22 10 28.0\n",
      "22 11 28.0\n",
      "22 12 28.0\n",
      "22 13 28.0\n",
      "22 14 28.0\n",
      "22 15 28.0\n",
      "22 16 28.0\n",
      "22 17 28.0\n",
      "22 18 28.0\n",
      "22 19 28.0\n",
      "22 20 28.0\n",
      "22 21 28.0\n",
      "22 23 28.0\n",
      "22 24 28.0\n",
      "22 25 28.0\n",
      "22 26 13.5\n",
      "22 27 28.0\n",
      "22 28 28.0\n",
      "23 0 18.33333333333334\n",
      "23 1 28.0\n",
      "23 2 28.0\n",
      "23 3 28.0\n",
      "23 4 28.0\n",
      "23 5 28.0\n",
      "23 6 28.0\n",
      "23 7 23.166666666666664\n",
      "23 8 28.0\n",
      "23 9 28.0\n",
      "23 10 28.0\n",
      "23 11 28.0\n",
      "23 12 28.0\n",
      "23 13 28.0\n",
      "23 14 28.0\n",
      "23 15 13.499999999999996\n",
      "23 16 28.0\n",
      "23 17 28.0\n",
      "23 18 28.0\n",
      "23 19 28.0\n",
      "23 20 28.0\n",
      "23 21 28.0\n",
      "23 22 28.0\n",
      "23 24 28.0\n",
      "23 25 28.0\n",
      "23 26 28.0\n",
      "23 27 28.0\n",
      "23 28 28.0\n",
      "24 0 28.0\n",
      "24 1 28.0\n",
      "24 2 28.0\n",
      "24 3 28.0\n",
      "24 4 28.0\n",
      "24 5 28.0\n",
      "24 6 13.5\n",
      "24 7 28.0\n",
      "24 8 28.0\n",
      "24 9 28.0\n",
      "24 10 28.0\n",
      "24 11 28.0\n",
      "24 12 28.0\n",
      "24 13 28.0\n",
      "24 14 28.0\n",
      "24 15 28.0\n",
      "24 16 28.0\n",
      "24 17 28.0\n",
      "24 18 13.5\n",
      "24 19 28.0\n",
      "24 20 28.0\n",
      "24 21 28.0\n",
      "24 22 28.0\n",
      "24 23 28.0\n",
      "24 25 28.0\n",
      "24 26 28.0\n",
      "24 27 28.0\n",
      "24 28 28.0\n",
      "25 0 28.0\n",
      "25 1 28.0\n",
      "25 2 28.0\n",
      "25 3 28.0\n",
      "25 4 13.499999999999996\n",
      "25 5 28.0\n",
      "25 6 28.0\n",
      "25 7 28.0\n",
      "25 8 28.0\n",
      "25 9 28.0\n",
      "25 10 28.0\n",
      "25 11 28.0\n",
      "25 12 28.0\n",
      "25 13 28.0\n",
      "25 14 28.0\n",
      "25 15 28.0\n",
      "25 16 28.0\n",
      "25 17 28.0\n",
      "25 18 28.0\n",
      "25 19 28.0\n",
      "25 20 28.0\n",
      "25 21 28.0\n",
      "25 22 28.0\n",
      "25 23 28.0\n",
      "25 24 28.0\n",
      "25 26 28.0\n",
      "25 27 28.0\n",
      "25 28 13.500000000000004\n",
      "26 0 28.0\n",
      "26 1 28.0\n",
      "26 2 28.0\n",
      "26 3 28.0\n",
      "26 4 28.0\n",
      "26 5 28.0\n",
      "26 6 28.0\n",
      "26 7 13.5\n",
      "26 8 28.0\n",
      "26 9 28.0\n",
      "26 10 28.0\n",
      "26 11 28.0\n",
      "26 12 28.0\n",
      "26 13 28.0\n",
      "26 14 28.0\n",
      "26 15 28.0\n",
      "26 16 28.0\n",
      "26 17 28.0\n",
      "26 18 28.0\n",
      "26 19 28.0\n",
      "26 20 28.0\n",
      "26 21 28.0\n",
      "26 22 13.5\n",
      "26 23 28.0\n",
      "26 24 28.0\n",
      "26 25 28.0\n",
      "26 27 28.0\n",
      "26 28 28.0\n",
      "27 0 13.499999999999996\n",
      "27 1 28.0\n",
      "27 2 28.0\n",
      "27 3 28.0\n",
      "27 4 28.0\n",
      "27 5 13.500000000000004\n",
      "27 6 28.0\n",
      "27 7 28.0\n",
      "27 8 28.0\n",
      "27 9 28.0\n",
      "27 10 28.0\n",
      "27 11 28.0\n",
      "27 12 28.0\n",
      "27 13 28.0\n",
      "27 14 28.0\n",
      "27 15 28.0\n",
      "27 16 28.0\n",
      "27 17 28.0\n",
      "27 18 28.0\n",
      "27 19 28.0\n",
      "27 20 28.0\n",
      "27 21 28.0\n",
      "27 22 28.0\n",
      "27 23 28.0\n",
      "27 24 28.0\n",
      "27 25 28.0\n",
      "27 26 28.0\n",
      "27 28 28.0\n",
      "28 0 28.0\n",
      "28 1 28.0\n",
      "28 2 13.500000000000004\n",
      "28 3 28.0\n",
      "28 4 28.0\n",
      "28 5 28.0\n",
      "28 6 28.0\n",
      "28 7 28.0\n",
      "28 8 28.0\n",
      "28 9 28.0\n",
      "28 10 28.0\n",
      "28 11 28.0\n",
      "28 12 28.0\n",
      "28 13 28.0\n",
      "28 14 28.0\n",
      "28 15 28.0\n",
      "28 16 28.0\n",
      "28 17 28.0\n",
      "28 18 28.0\n",
      "28 19 28.0\n",
      "28 20 28.0\n",
      "28 21 28.0\n",
      "28 22 28.0\n",
      "28 23 28.0\n",
      "28 24 28.0\n",
      "28 25 13.499999999999996\n",
      "28 26 28.0\n",
      "28 27 28.0\n"
     ]
    }
   ],
   "source": [
    "for i,j in DG.edges:\n",
    "    DG[i][j]['length'] = n - 1 - n*x[i,j].x\n",
    "    print(i,j,DG[i][j]['length'])"
   ]
  },
  {
   "cell_type": "code",
   "execution_count": 9,
   "metadata": {},
   "outputs": [
    {
     "name": "stdout",
     "output_type": "stream",
     "text": [
      "{0: 0, 27: 13.5, 7: 18.333333333333336, 23: 23.166666666666664, 5: 27.000000000000004, 1: 28.0, 2: 28.0, 3: 28.0, 4: 28.0, 6: 28.0, 8: 28.0, 9: 28.0, 10: 28.0, 11: 28.0, 12: 28.0, 13: 28.0, 14: 28.0, 15: 28.0, 16: 28.0, 17: 28.0, 18: 28.0, 19: 28.0, 20: 28.0, 21: 28.0, 22: 28.0, 24: 28.0, 25: 28.0, 26: 28.0, 28: 28.0}\n"
     ]
    }
   ],
   "source": [
    "# compute shortest-path lengths from r \n",
    "dist = nx.shortest_path_length(DG,source=r,weight='length')\n",
    "print(dist)"
   ]
  },
  {
   "cell_type": "code",
   "execution_count": 10,
   "metadata": {},
   "outputs": [
    {
     "name": "stdout",
     "output_type": "stream",
     "text": [
      "[0, -28.0, -28.0, -28.0, -28.0, -27.000000000000004, -28.0, -18.333333333333336, -28.0, -28.0, -28.0, -28.0, -28.0, -28.0, -28.0, -28.0, -28.0, -28.0, -28.0, -28.0, -28.0, -28.0, -28.0, -23.166666666666664, -28.0, -28.0, -28.0, -13.5, -28.0]\n"
     ]
    }
   ],
   "source": [
    "# compute u values\n",
    "u = [ -dist[j] for j in DG.nodes ]\n",
    "print(u)"
   ]
  },
  {
   "cell_type": "code",
   "execution_count": 11,
   "metadata": {},
   "outputs": [
    {
     "name": "stdout",
     "output_type": "stream",
     "text": [
      "[1, 2, 3, 4, 6, 8, 9, 10, 11, 12, 13, 14, 15, 16, 17, 18, 19, 20, 21, 22, 24, 25, 26, 28, 5, 23, 7, 27, 0]\n"
     ]
    }
   ],
   "source": [
    "# sort the nodes by increasing u values\n",
    "def sort_by_second(val):\n",
    "    return val[1]\n",
    "\n",
    "# create (node,u) pairs and then sort them\n",
    "nodes_with_u = [ ( i, u[i] ) for i in DG.nodes ]\n",
    "nodes_with_u.sort(key=sort_by_second)\n",
    "\n",
    "tour = [ i for (i,uval) in nodes_with_u ]\n",
    "print(tour)"
   ]
  },
  {
   "cell_type": "code",
   "execution_count": 12,
   "metadata": {},
   "outputs": [],
   "source": [
    "def cost(tour, cost):\n",
    "    n = len(cost)\n",
    "    start = tour[0]\n",
    "    end = tour[n-1]\n",
    "    return sum( cost[tour[i]][tour[i+1]] for i in range(n-1) ) + cost[end][start]"
   ]
  },
  {
   "cell_type": "code",
   "execution_count": 13,
   "metadata": {},
   "outputs": [
    {
     "data": {
      "text/plain": [
       "5864"
      ]
     },
     "execution_count": 13,
     "metadata": {},
     "output_type": "execute_result"
    }
   ],
   "source": [
    "cost(tour, c)"
   ]
  },
  {
   "cell_type": "code",
   "execution_count": 14,
   "metadata": {},
   "outputs": [
    {
     "name": "stdout",
     "output_type": "stream",
     "text": [
      "Gurobi Optimizer version 9.1.1 build v9.1.1rc0 (win64)\n",
      "Thread count: 4 physical cores, 8 logical processors, using up to 8 threads\n",
      "Optimize a model with 24418 rows, 24360 columns and 94192 nonzeros\n",
      "Model fingerprint: 0xf02d97e6\n",
      "Variable types: 23548 continuous, 812 integer (812 binary)\n",
      "Coefficient statistics:\n",
      "  Matrix range     [1e+00, 1e+00]\n",
      "  Objective range  [3e+01, 5e+02]\n",
      "  Bounds range     [0e+00, 0e+00]\n",
      "  RHS range        [1e+00, 1e+00]\n",
      "Presolve removed 784 rows and 784 columns\n",
      "Presolve time: 0.38s\n",
      "Presolved: 23634 rows, 23576 columns, 91840 nonzeros\n",
      "Variable types: 22764 continuous, 812 integer (812 binary)\n",
      "Found heuristic solution: objective 8132.0000000\n",
      "Found heuristic solution: objective 5752.0000000\n",
      "\n",
      "Root relaxation: objective 2.013500e+03, 13405 iterations, 1.46 seconds\n",
      "\n",
      "    Nodes    |    Current Node    |     Objective Bounds      |     Work\n",
      " Expl Unexpl |  Obj  Depth IntInf | Incumbent    BestBd   Gap | It/Node Time\n",
      "\n",
      "     0     0 2013.50000    0   34 5752.00000 2013.50000  65.0%     -    2s\n",
      "H    0     0                    2202.0000000 2013.50000  8.56%     -    2s\n",
      "     0     0 2013.50000    0   26 2202.00000 2013.50000  8.56%     -    3s\n",
      "     0     0 2013.50000    0   34 2202.00000 2013.50000  8.56%     -    4s\n",
      "     0     0 2013.50000    0   64 2202.00000 2013.50000  8.56%     -    5s\n",
      "H    0     0                    2126.0000000 2013.50000  5.29%     -    5s\n",
      "     0     0 2017.50000    0   56 2126.00000 2017.50000  5.10%     -    5s\n",
      "     0     0 2017.50000    0   32 2126.00000 2017.50000  5.10%     -    6s\n",
      "H    0     0                    2039.0000000 2017.50000  1.05%     -    6s\n",
      "     0     0 2017.50000    0   56 2039.00000 2017.50000  1.05%     -    6s\n",
      "     0     0 2017.50000    0   29 2039.00000 2017.50000  1.05%     -    6s\n",
      "H    0     0                    2036.0000000 2017.50000  0.91%     -    6s\n",
      "H    0     0                    2033.0000000 2017.50000  0.76%     -    6s\n",
      "H    0     0                    2028.0000000 2017.50000  0.52%     -    6s\n",
      "     0     0 2017.50000    0   52 2028.00000 2017.50000  0.52%     -    6s\n",
      "*    0     0               0    2020.0000000 2020.00000  0.00%     -    6s\n",
      "\n",
      "Cutting planes:\n",
      "  Gomory: 4\n",
      "  Implied bound: 1\n",
      "  Clique: 1\n",
      "  MIR: 7\n",
      "  Zero half: 16\n",
      "  RLT: 2\n",
      "\n",
      "Explored 1 nodes (37599 simplex iterations) in 6.68 seconds\n",
      "Thread count was 8 (of 8 available processors)\n",
      "\n",
      "Solution count 9: 2020 2028 2033 ... 8132\n",
      "\n",
      "Optimal solution found (tolerance 1.00e-04)\n",
      "Best objective 2.020000000000e+03, best bound 2.020000000000e+03, gap 0.0000%\n"
     ]
    }
   ],
   "source": [
    "for i,j in DG.edges:\n",
    "    x[i,j].vtype = GRB.BINARY\n",
    "    \n",
    "m.optimize()"
   ]
  },
  {
   "cell_type": "code",
   "execution_count": null,
   "metadata": {},
   "outputs": [],
   "source": []
  }
 ],
 "metadata": {
  "kernelspec": {
   "display_name": "Python 3",
   "language": "python",
   "name": "python3"
  },
  "language_info": {
   "codemirror_mode": {
    "name": "ipython",
    "version": 3
   },
   "file_extension": ".py",
   "mimetype": "text/x-python",
   "name": "python",
   "nbconvert_exporter": "python",
   "pygments_lexer": "ipython3",
   "version": "3.7.10"
  }
 },
 "nbformat": 4,
 "nbformat_minor": 4
}
